[{"id": 0, "img_name": "frame_00001", "width": 735, "height": 990, "position": [3.7846315102312666, -1.125478028756952, -44.53684817381564], "rotation": [[-0.9502753069372679, 0.2789142777869925, -0.1385051142443555], [-0.3085090391519314, -0.782601510111014, 0.5407005170457234], [0.04241478264513027, 0.5565444295099188, 0.8297344660761331]], "fy": 812.6279120194621, "fx": 812.627912019462}, {"id": 1, "img_name": "frame_00002", "width": 735, "height": 990, "position": [-1.5854645333066224, -2.839096311032093, 5.69579898176545], "rotation": [[-0.9439031826124595, -0.01741568861168147, -0.32976275660578996], [-0.12726449036961962, 0.9406544947919734, 0.31459954055690853], [0.3047138515805107, 0.3389185967424005, -0.8901031701084607]], "fy": 812.6279120194621, "fx": 812.627912019462}, {"id": 2, "img_name": "frame_00003", "width": 735, "height": 990, "position": [-1.9407908143206263, -2.7547191567071887, 5.399696891170989], "rotation": [[-0.9887612306615051, -0.02902107025489821, -0.1466594907328031], [-0.06490644836235808, 0.9670345415176919, 0.2462343365021463], [0.13467880940121738, 0.2529861122530799, -0.9580499179611374]], "fy": 812.6279120194621, "fx": 812.627912019462}, {"id": 3, "img_name": "frame_00004", "width": 735, "height": 990, "position": [-1.959940991142083, -2.7595814999876938, 5.496389920723485], "rotation": [[-0.9980765192004405, -0.008407344147746937, 0.06142131865333589], [0.007259184421536825, 0.9680965365641323, 0.2504723540314699], [-0.06156757313933528, 0.25043644394718834, -0.9661733910022672]], "fy": 812.6279120194621, "fx": 812.627912019462}, {"id": 4, "img_name": "frame_00005", "width": 735, "height": 990, "position": [-1.7735093292360165, -2.7013844430247693, 5.566422141860138], "rotation": [[-0.9509874716535314, 0.016038942786605465, 0.3088131815067355], [0.09257094524407998, 0.9676219396017981, 0.23481567685712956], [-0.2950482144576399, 0.25189389495488435, -0.9216810819528717]], "fy": 812.6279120194621, "fx": 812.627912019462}, {"id": 5, "img_name": "frame_00006", "width": 735, "height": 990, "position": [-1.383189622813807, -2.7304046901048022, 5.841273037277832], "rotation": [[-0.8491894392832597, 0.0015349678112529731, 0.5280861104816161], [0.16994464197907605, 0.947594251385285, 0.2705253285815675], [-0.49999611485729256, 0.319472657070022, -0.8049478905570433]], "fy": 812.6279120194621, "fx": 812.627912019462}, {"id": 6, "img_name": "frame_00007", "width": 735, "height": 990, "position": [-1.2350506988637335, -2.711704322105776, 6.070329602451513], "rotation": [[-0.697302225687257, -0.05113807733380407, 0.714950699767613], [0.2373768046958638, 0.9246904394964909, 0.2976572587661327], [-0.6763296967041885, 0.37726978165549996, -0.6326497081368424]], "fy": 812.6279120194621, "fx": 812.627912019462}, {"id": 7, "img_name": "frame_00008", "width": 735, "height": 990, "position": [-1.175311792231457, -2.3122718308590717, 6.173503000077798], "rotation": [[-0.6032991446180543, -0.21095378637303983, 0.7691089923528408], [0.26852856577211615, 0.8543392649956268, 0.4449683467968282], [-0.7509477688011962, 0.4749767576435818, -0.4587750300865292]], "fy": 812.6279120194621, "fx": 812.627912019462}, {"id": 8, "img_name": "frame_00009", "width": 735, "height": 990, "position": [-1.2052043966168668, -1.35953140988096, 5.620110548289438], "rotation": [[-0.6131133461340403, -0.36171127472022874, 0.7023225601762962], [0.26746669468690126, 0.7414739833689754, 0.615368100587127], [-0.7433394863893509, 0.5651382890295185, -0.3578618759342829]], "fy": 812.6279120194621, "fx": 812.627912019462}, {"id": 9, "img_name": "frame_00010", "width": 735, "height": 990, "position": [-0.7070033093863453, -0.8706874875472266, 4.6703761792434], "rotation": [[-0.6176613512114345, -0.3780759290724371, 0.689603543404236], [0.26463827829695485, 0.7258085567398089, 0.6349555264924456], [-0.7405815531591967, 0.5746829828864684, -0.34825053094148006]], "fy": 812.6279120194621, "fx": 812.627912019462}, {"id": 10, "img_name": "frame_00011", "width": 735, "height": 990, "position": [-0.47111848597161865, -0.308222898899888, 3.714627028446385], "rotation": [[-0.5446018508817255, -0.4416990041763824, 0.7129591949935079], [0.28064583807895277, 0.7051020969590647, 0.6512057635132631], [-0.7903459606938984, 0.5547368949092188, -0.26003891985877287]], "fy": 812.6279120194621, "fx": 812.627912019462}, {"id": 11, "img_name": "frame_00012", "width": 735, "height": 990, "position": [-0.28183685962882726, -0.1324676636067424, 3.3763295049770363], "rotation": [[-0.40387571982211773, -0.4863235292053867, 0.7748379365256863], [0.3050108433351794, 0.7269405702660068, 0.6152444983494738], [-0.8624690072032319, 0.48481628710528135, -0.14525969630740837]], "fy": 812.6279120194621, "fx": 812.627912019462}, {"id": 12, "img_name": "frame_00013", "width": 735, "height": 990, "position": [0.017141270094632684, 0.09234385256061034, 2.9183422174311127], "rotation": [[-0.22395524282776252, -0.5272753552507637, 0.8196491621145833], [0.32792041078832107, 0.7512088496637065, 0.5728468105657476], [-0.9177757097452386, 0.3970717365062787, 0.004667190751588889]], "fy": 812.6279120194621, "fx": 812.627912019462}, {"id": 13, "img_name": "frame_00014", "width": 735, "height": 990, "position": [0.1443638536548243, 0.40276199863797246, 2.683253917900384], "rotation": [[-0.07698041700542034, -0.5448832172196972, 0.8349708348139973], [0.3362128675133659, 0.7742179619457893, 0.5362345150388478], [-0.9386346057524787, 0.3220074952432329, 0.12359712735766919]], "fy": 812.6279120194621, "fx": 812.627912019462}, {"id": 14, "img_name": "frame_00015", "width": 735, "height": 990, "position": [0.21496881931920986, 1.3773032010225266, 3.0708661228960805], "rotation": [[0.14975167152669058, -0.5569444349015832, 0.8169377781123345], [0.3328585527701177, 0.8064232584928123, 0.4887603830197551], [-0.9310100003344459, 0.19873204219247353, 0.30614694949201116]], "fy": 812.6279120194621, "fx": 812.627912019462}, {"id": 15, "img_name": "frame_00016", "width": 735, "height": 990, "position": [-0.06251578876584934, 1.5880657183105023, 3.4114270914263103], "rotation": [[0.22833376579331469, -0.39406891407067907, 0.8902659054247778], [0.32205247165917855, 0.8935159393903276, 0.3129080880284725], [-0.9187741272461135, 0.21526485318921915, 0.33093072701785525]], "fy": 812.6279120194621, "fx": 812.627912019462}, {"id": 16, "img_name": "frame_00017", "width": 735, "height": 990, "position": [-0.5400883097624909, 1.3837069851467587, 3.8141395821418964], "rotation": [[0.46787465953033897, -0.2900245100282275, 0.8348527334519878], [0.2890899123973628, 0.9428806273850968, 0.16553895327677773], [-0.8351768229060564, 0.163896022174953, 0.5249931127127031]], "fy": 812.6279120194621, "fx": 812.627912019462}, {"id": 17, "img_name": "frame_00018", "width": 735, "height": 990, "position": [-0.8573530233173201, 1.177775365675288, 3.9296061160941975], "rotation": [[0.7241605902894817, -0.22539072514038955, 0.6517595112403642], [0.2265269179254995, 0.9703857703170113, 0.0838869013698468], [-0.6513654849059499, 0.08689348529636585, 0.7537721985363264]], "fy": 812.6279120194621, "fx": 812.627912019462}, {"id": 18, "img_name": "frame_00019", "width": 735, "height": 990, "position": [-0.9026417928560589, 0.787299567564493, 3.8189770030449], "rotation": [[0.874320581920811, -0.16311359651437368, 0.45711866584268973], [0.1655461610686959, 0.9855790841252874, 0.03504764600050916], [-0.4562433436063172, 0.04503136203698156, 0.888714908082464]], "fy": 812.6279120194621, "fx": 812.627912019462}, {"id": 19, "img_name": "frame_00020", "width": 735, "height": 990, "position": [-0.8933304647362258, 0.7797463220944432, 3.778307887329134], "rotation": [[0.8935150074703226, -0.14706052596522926, 0.424268939622192], [0.15015794311429184, 0.988311211814639, 0.02633516130888281], [-0.42318261252678385, 0.04017648944731144, 0.9051532058998056]], "fy": 812.6279120194621, "fx": 812.627912019462}, {"id": 20, "img_name": "frame_00021", "width": 735, "height": 990, "position": [-0.3902651411158916, 0.22127068071247508, 3.186461277186928], "rotation": [[0.7066047849514115, -0.11931621680436175, 0.6974763926408292], [0.23472805287076126, 0.9693933270246708, -0.07196748373773168], [-0.6675420728907434, 0.2145698439378985, 0.7129848266219944]], "fy": 812.6279120194621, "fx": 812.627912019462}, {"id": 21, "img_name": "frame_00022", "width": 735, "height": 990, "position": [-0.3436384120620033, -0.5254347704105234, 2.8102778647754576], "rotation": [[0.6601308213783443, -0.1095206166204924, 0.7431234979472925], [0.24844552116647897, 0.9654671215859875, -0.07840956669172916], [-0.7088738404530592, 0.23638627640270315, 0.664544510661096]], "fy": 812.6279120194621, "fx": 812.627912019462}, {"id": 22, "img_name": "frame_00023", "width": 735, "height": 990, "position": [-0.548707199216942, -1.3518006250331227, 2.489052181241913], "rotation": [[0.581193079949604, -0.09019403688693828, 0.8087519023339178], [0.2669188234611639, 0.9599847834125087, -0.08475586881477247], [-0.7687450458382162, 0.2651306306832097, 0.5820109991853438]], "fy": 812.6279120194621, "fx": 812.627912019462}, {"id": 23, "img_name": "frame_00024", "width": 735, "height": 990, "position": [-0.78534398843624, -1.775532434508299, 2.4230437939980045], "rotation": [[0.7256572485735403, 0.17022537294556947, 0.6666669933319193], [0.23065119734882267, 0.8526698610631787, -0.468779407819983], [-0.6482450021050944, 0.49394071551152924, 0.5794833792316435]], "fy": 812.6279120194621, "fx": 812.627912019462}, {"id": 24, "img_name": "frame_00025", "width": 735, "height": 990, "position": [-0.7159367504510236, -1.7737102777380946, 2.422626059292566], "rotation": [[0.8239014709311232, 0.14007972210226904, 0.5491484659482191], [0.1920833799261805, 0.8425984333373734, -0.5031221077368182], [-0.5331888421128728, 0.5200053380429427, 0.667311102150398]], "fy": 812.6279120194621, "fx": 812.627912019462}, {"id": 25, "img_name": "frame_00026", "width": 735, "height": 990, "position": [-0.6583984715302995, -1.778899900870125, 2.398624014374629], "rotation": [[0.911643030545843, 0.10064971354655383, 0.39846784063483437], [0.1412630104870046, 0.8337365600001442, -0.5337865775637997], [-0.3859426728483642, 0.5429115799852887, 0.7458520426951565]], "fy": 812.6279120194621, "fx": 812.627912019462}, {"id": 26, "img_name": "frame_00027", "width": 735, "height": 990, "position": [-0.63268942915889, -1.7771535320167702, 2.4583104216207583], "rotation": [[0.9804171331839434, 0.04286594165111272, 0.19221018704985707], [0.07208346099491986, 0.8301754504160324, -0.5528224816137017], [-0.1832654348489412, 0.5558518081043734, 0.810828309703557]], "fy": 812.6279120194621, "fx": 812.627912019462}, {"id": 27, "img_name": "frame_00028", "width": 735, "height": 990, "position": [-1.097500569804577, -1.3111282389405476, 3.151749417855751], "rotation": [[0.9988268800468696, -0.00581268376117126, -0.048073656022078706], [-0.003273223476320294, 0.9823942060131409, -0.18679108651079868], [0.04831303865325172, 0.18672931397962997, 0.9812227135552795]], "fy": 812.6279120194621, "fx": 812.627912019462}, {"id": 28, "img_name": "frame_00029", "width": 735, "height": 990, "position": [-0.6024478015711378, -0.9045153414980477, 2.637541639823577], "rotation": [[0.9624871756330441, -0.10095364640822169, 0.2518467748826836], [0.10972936392968581, 0.9937394101358432, -0.021010745690072715], [-0.2481489541253638, 0.04785755969280189, 0.9675390175836516]], "fy": 812.6279120194621, "fx": 812.627912019462}, {"id": 29, "img_name": "frame_00030", "width": 735, "height": 990, "position": [0.4290954964296179, -0.6388270683224274, 2.1330659391341995], "rotation": [[0.9314958270252027, -0.13461266580507483, 0.33792743960721094], [0.13698564376196665, 0.9904282689476058, 0.016934505383053862], [-0.3369724879537698, 0.030516786762376416, 0.9410198021763125]], "fy": 812.6279120194621, "fx": 812.627912019462}, {"id": 30, "img_name": "frame_00031", "width": 735, "height": 990, "position": [0.5617859392150557, -0.6645387950564509, 1.105780319315291], "rotation": [[0.9415132277413764, -0.11236289991914834, 0.31769076270765995], [0.12481594063994991, 0.9919970038610924, -0.01905059822631865], [-0.31300770429844005, 0.05758926160644509, 0.9480029820614727]], "fy": 812.6279120194621, "fx": 812.627912019462}, {"id": 31, "img_name": "frame_00032", "width": 735, "height": 990, "position": [0.22483951383157497, -0.9344528892284728, 0.10755508479311086], "rotation": [[0.9922500433107844, -0.009556112235018597, 0.12388919351056646], [0.050537818202848105, 0.9418842121309957, -0.3321145282423963], [-0.11351555171447973, 0.33580174457159284, 0.9350675953435837]], "fy": 812.6279120194621, "fx": 812.627912019462}, {"id": 32, "img_name": "frame_00033", "width": 735, "height": 990, "position": [0.11330998995201506, -0.9764230968769829, -0.11660067195416415], "rotation": [[0.9933671028298058, -0.03643350384007053, -0.10906144512821182], [-0.031240250577365243, 0.8272853630641587, -0.560912626710851], [0.11066094956840838, 0.5605992578105492, 0.820659872531172]], "fy": 812.6279120194621, "fx": 812.627912019462}, {"id": 33, "img_name": "frame_00034", "width": 735, "height": 990, "position": [-0.027560401657707904, -0.9311517536014974, -0.008958348170241158], "rotation": [[0.9428718522827324, -0.09812092312817577, -0.31837863404663935], [-0.10285717826717478, 0.8232256351507017, -0.5583188645475259], [0.3168802156207356, 0.5591706698989125, 0.7661038381792364]], "fy": 812.6279120194621, "fx": 812.627912019462}, {"id": 34, "img_name": "frame_00035", "width": 735, "height": 990, "position": [-0.04823613764382017, -0.6464000147583762, 0.28239625778670574], "rotation": [[0.8402454416444904, -0.08098514056192686, -0.5361240572888146], [-0.17393407940968098, 0.8962664979154215, -0.4079868879441256], [0.5135509067420307, 0.43605936719968613, 0.7389977635026019]], "fy": 812.6279120194621, "fx": 812.627912019462}, {"id": 35, "img_name": "frame_00036", "width": 735, "height": 990, "position": [-0.1359212157245338, -0.054006192547381246, 0.31684595015311395], "rotation": [[0.8265573643568194, 0.12752391960033996, -0.5482158091092176], [-0.1749050656990846, 0.9839693662827956, -0.03482103114258044], [0.5349870478995794, 0.12466730183492253, 0.8356117055384598]], "fy": 812.6279120194621, "fx": 812.627912019462}, {"id": 36, "img_name": "frame_00037", "width": 735, "height": 990, "position": [-0.01799827267771364, 0.15849878660256864, 0.13517531659355603], "rotation": [[0.920434415606658, 0.10775534388312126, -0.37575161001845403], [-0.11564396607467876, 0.9932894901619452, 0.0015690265584718123], [0.37339919613913025, 0.0420092203980617, 0.9267190867378304]], "fy": 812.6279120194621, "fx": 812.627912019462}, {"id": 37, "img_name": "frame_00038", "width": 735, "height": 990, "position": [-0.07794686039269273, 0.2148838588071556, -0.08587663998128568], "rotation": [[0.9691537562321322, 0.06511251117722251, -0.2377001423418693], [-0.06789718357713076, 0.9976860505770706, -0.003537929651682334], [0.23691975275067778, 0.019567968012108982, 0.9713321395817367]], "fy": 812.6279120194621, "fx": 812.627912019462}, {"id": 38, "img_name": "frame_00039", "width": 735, "height": 990, "position": [-0.12074336232057196, 0.2904993467820905, -0.29926511445937076], "rotation": [[0.9978288802437286, 0.0054372907728629195, -0.06563506395668643], [-0.005811137046616398, 0.999967955371029, -0.005506261645590685], [0.0656030215597759, 0.005875721243864481, 0.9978285020293277]], "fy": 812.6279120194621, "fx": 812.627912019462}, {"id": 39, "img_name": "frame_00040", "width": 735, "height": 990, "position": [0.0006969246952772949, 0.3700804998804339, -0.6391414699507375], "rotation": [[0.9782843198203774, -0.08435202751926281, 0.18932650381542207], [0.08340477052170978, 0.9964312168230458, 0.012979768671481682], [-0.1897457083778245, 0.0030928294381965893, 0.9818283966958096]], "fy": 812.6279120194621, "fx": 812.627912019462}, {"id": 40, "img_name": "frame_00041", "width": 735, "height": 990, "position": [-0.08960151808842386, 0.60980380276806, -1.25732175373032], "rotation": [[0.9006989051366938, -0.1628333969664243, 0.40277384115398573], [0.1565768106211966, 0.9864661176587977, 0.048665193792616336], [-0.40524706619697465, 0.019232356682264997, 0.914004886089342]], "fy": 812.6279120194621, "fx": 812.627912019462}, {"id": 41, "img_name": "frame_00042", "width": 735, "height": 990, "position": [0.10940608477811699, 0.8038576752770467, -2.236807075162604], "rotation": [[0.8179443800364459, -0.21483245625462807, 0.5336796856789637], [0.20270848942065464, 0.9757895264429617, 0.0821222771300017], [-0.5384015782699664, 0.04100994786419209, 0.8416899219383498]], "fy": 812.6279120194621, "fx": 812.627912019462}, {"id": 42, "img_name": "frame_00043", "width": 735, "height": 990, "position": [0.27078184538577554, 0.8849144071524679, -2.78793556941381], "rotation": [[0.8327445970356695, -0.2009642116308007, 0.5158971038409803], [0.19355283046230132, 0.9786739115188011, 0.06880898729469787], [-0.5187231804420658, 0.042553032278569845, 0.8538826040598128]], "fy": 812.6279120194621, "fx": 812.627912019462}, {"id": 43, "img_name": "frame_00044", "width": 735, "height": 990, "position": [0.3680655446186936, 0.9578503492509299, -3.3868920750935247], "rotation": [[0.8719594204365542, -0.1610635570312609, 0.4623259669414923], [0.17270658713294043, 0.984820338325784, 0.017359031677496434], [-0.45810392256871163, 0.06471036869255221, 0.8865401086870429]], "fy": 812.6279120194621, "fx": 812.627912019462}, {"id": 44, "img_name": "frame_00045", "width": 735, "height": 990, "position": [0.5937613790078248, 0.9882349525525415, -3.6360250403288497], "rotation": [[0.8997061860027161, -0.13394401548421367, 0.4154368539073184], [0.1558024141149563, 0.9876055268988166, -0.018998183988543638], [-0.4077430399459904, 0.08181884840839308, 0.9094236028500288]], "fy": 812.6279120194621, "fx": 812.627912019462}, {"id": 45, "img_name": "frame_00046", "width": 735, "height": 990, "position": [0.8971020369895176, 1.0098432147598622, -3.910433637076127], "rotation": [[0.9370597665218976, -0.08814022646929084, 0.33786135387739835], [0.12422173831043064, 0.9884627431988096, -0.08666236229770685], [-0.3263249204352333, 0.12317753766749126, 0.9371975995045614]], "fy": 812.6279120194621, "fx": 812.627912019462}, {"id": 46, "img_name": "frame_00047", "width": 735, "height": 990, "position": [1.0576815151828638, 1.003599447758253, -4.1307756571427605], "rotation": [[0.9649487996824143, -0.05463608721627106, 0.25668796614793593], [0.0947375288905362, 0.9846553475423501, -0.14655595237304012], [-0.2447419347214177, 0.16573697393747117, 0.9553180836029784]], "fy": 812.6279120194621, "fx": 812.627912019462}, {"id": 47, "img_name": "frame_00048", "width": 735, "height": 990, "position": [0.9871719961036128, 1.1591736563028827, -5.198280285270277], "rotation": [[0.9867411841989862, -0.0047904213043345086, 0.16223096889715366], [0.06060560507057218, 0.9381362844089259, -0.34092121158626154], [-0.15056160214215342, 0.346233106070378, 0.9259880345993927]], "fy": 812.6279120194621, "fx": 812.627912019462}, {"id": 48, "img_name": "frame_00049", "width": 735, "height": 990, "position": [0.7296787331045598, 0.7094004436984196, -4.2929140344608125], "rotation": [[0.9809026066278616, 0.027667679387270865, 0.19252162431267278], [0.07097132327877952, 0.8706668884781495, -0.48672604263572805], [-0.18108878370215448, 0.4910943583722997, 0.8520758085946188]], "fy": 812.6279120194621, "fx": 812.627912019462}, {"id": 49, "img_name": "frame_00050", "width": 735, "height": 990, "position": [0.33834232528274305, 0.6127734694169547, -3.7244259033288207], "rotation": [[0.9574807314441263, 0.04647031918388653, 0.2847299744462618], [0.09980267354618472, 0.8726510712628147, -0.47803716819604697], [-0.2706844570089957, 0.4861281901503035, 0.8309087239131235]], "fy": 812.6279120194621, "fx": 812.627912019462}, {"id": 50, "img_name": "frame_00051", "width": 735, "height": 990, "position": [0.18683003201749124, 0.6039306778803899, -3.475612678562764], "rotation": [[0.9151213061938008, 0.06392459801211291, 0.39807868659241447], [0.13885288784793406, 0.876979509075757, -0.4600291471173685], [-0.3785140294446707, 0.4762568492213358, 0.7936665188121048]], "fy": 812.6279120194621, "fx": 812.627912019462}, {"id": 51, "img_name": "frame_00052", "width": 735, "height": 990, "position": [0.18915847042766007, 0.6290690564630389, -3.038731705136786], "rotation": [[0.8179317852223424, 0.06519350975181158, 0.5716094829595048], [0.19656303436464323, 0.9021021497416778, -0.3841545066152515], [-0.540694523963722, 0.42656947583914584, 0.7250433876934265]], "fy": 812.6279120194621, "fx": 812.627912019462}, {"id": 52, "img_name": "frame_00053", "width": 735, "height": 990, "position": [0.28054318659770544, 0.5858280233926068, -2.714890179184434], "rotation": [[0.7208717843873852, 0.05723894447503338, 0.6907007845004457], [0.23467164132008878, 0.9175582046157497, -0.3209613090427842], [-0.6521296582998528, 0.3934598383287753, 0.6480094631932555]], "fy": 812.6279120194621, "fx": 812.627912019462}, {"id": 53, "img_name": "frame_00054", "width": 735, "height": 990, "position": [0.3372738710065596, 0.5467915397260837, -2.5210149653904956], "rotation": [[0.6077161754538335, 0.0484694786632423, 0.7926738041148318], [0.26663190004880744, 0.9277446038115468, -0.26114628079855684], [-0.7480564684354571, 0.3700549415109457, 0.55088189323593]], "fy": 812.6279120194621, "fx": 812.627912019462}, {"id": 54, "img_name": "frame_00055", "width": 735, "height": 990, "position": [0.3545026718712319, 0.47815621465026276, -2.350185847898355], "rotation": [[0.4564641896676285, 0.041150490522852974, 0.8887896717901281], [0.2950105980381588, 0.9354215905598647, -0.1948209304967528], [-0.8394100253131617, 0.3511311507744382, 0.41484662751380236]], "fy": 812.6279120194621, "fx": 812.627912019462}, {"id": 55, "img_name": "frame_00056", "width": 735, "height": 990, "position": [0.3452255595343418, 0.4472777258063233, -2.2705593667140755], "rotation": [[0.389312132168366, 0.03944990806017351, 0.9202607068111537], [0.3031752442890034, 0.9379257013708171, -0.1684640910056626], [-0.8697820617814693, 0.3445853790602626, 0.3531856191028611]], "fy": 812.6279120194621, "fx": 812.627912019462}, {"id": 56, "img_name": "frame_00057", "width": 735, "height": 990, "position": [0.32343145734925155, 0.38588424031531393, -2.148360996797692], "rotation": [[0.2802091292405433, 0.034319817283999146, 0.9593252806175022], [0.31369576782590636, 0.9412199620631242, -0.12529943440417535], [-0.9072363579235408, 0.3360463259068369, 0.25297244455897633]], "fy": 812.6279120194621, "fx": 812.627912019462}, {"id": 57, "img_name": "frame_00058", "width": 735, "height": 990, "position": [0.31688720650489044, 0.3482923739645235, -2.0825481416594487], "rotation": [[0.22230201140252276, 0.030865948833546264, 0.9744891528021221], [0.3176835434065498, 0.9426590572284482, -0.1023282369330769], [-0.9217694841852011, 0.33232693996692175, 0.19974940049264361]], "fy": 812.6279120194621, "fx": 812.627912019462}, {"id": 58, "img_name": "frame_00059", "width": 735, "height": 990, "position": [0.2961422509173556, 0.27895933677729334, -1.941749413245352], "rotation": [[0.08244826466010066, 0.02101569953331289, 0.9963737371226037], [0.3220319401751505, 0.9455816284619888, -0.04659198881998634], [-0.9431318641428493, 0.32470559633042817, 0.07119383786631231]], "fy": 812.6279120194621, "fx": 812.627912019462}, {"id": 59, "img_name": "frame_00060", "width": 735, "height": 990, "position": [0.3388674548293125, 0.2246715550875333, -1.788124874545822], "rotation": [[-0.0634765253450575, 0.009282323494733425, 0.997940163136376], [0.319312105543545, 0.9475798666746321, 0.011496761554209934], [-0.9455212900741399, 0.319384149173727, -0.06311303568287818]], "fy": 812.6279120194621, "fx": 812.627912019462}, {"id": 60, "img_name": "frame_00061", "width": 735, "height": 990, "position": [0.4228416796906568, 0.1965369052453969, -1.6832211066007494], "rotation": [[-0.15390831058891308, 0.0005801000968477995, 0.9880849636623079], [0.31465931316223306, 0.9479670462030281, 0.04845612400283367], [-0.9366438749983572, 0.3183679361948748, -0.14608254047310962]], "fy": 812.6279120194621, "fx": 812.627912019462}, {"id": 61, "img_name": "frame_00062", "width": 735, "height": 990, "position": [0.5782681788851336, 0.2471329581823374, -1.5680529170807542], "rotation": [[-0.25706025702763746, -0.004213966281436952, 0.9663861892354754], [0.3051895034473577, 0.9484621383321431, 0.08531669904522618], [-0.9169402331899501, 0.31686245381647443, -0.2425258627836677]], "fy": 812.6279120194621, "fx": 812.627912019462}, {"id": 62, "img_name": "frame_00063", "width": 735, "height": 990, "position": [0.7124419361390787, 0.22972853890494394, -1.4941670162718206], "rotation": [[-0.3423109113463051, -0.012472173185299272, 0.9395039568140721], [0.29480431923282613, 0.9479931311266936, 0.11999765288653597], [-0.8921399292347202, 0.3180463303241268, -0.3208315421407697]], "fy": 812.6279120194621, "fx": 812.627912019462}, {"id": 63, "img_name": "frame_00064", "width": 735, "height": 990, "position": [0.7839318349746112, 0.20190195060046331, -1.4398509224025127], "rotation": [[-0.39846526510252595, -0.01660635552737908, 0.9170330754465034], [0.2856002265560564, 0.9478804499466438, 0.14126274526596785], [-0.8715835835408463, 0.31819315134843296, -0.372954655872601]], "fy": 812.6279120194621, "fx": 812.627912019462}, {"id": 64, "img_name": "frame_00065", "width": 735, "height": 990, "position": [0.833825190331678, 0.1418568452224046, -1.3141906046731455], "rotation": [[-0.4944229384855343, -0.023959121122331006, 0.8688912005621732], [0.26788760885120366, 0.9467624120696596, 0.1785417713478412], [-0.8269112327954637, 0.32104033330266424, -0.4616827021554957]], "fy": 812.6279120194621, "fx": 812.627912019462}, {"id": 65, "img_name": "frame_00066", "width": 735, "height": 990, "position": [0.8517435338048585, 0.10241693514978248, -1.2469049690847718], "rotation": [[-0.5482068728613178, -0.02937741324187063, 0.8358266519672786], [0.255339381449131, 0.9457880157572924, 0.2007157929288547], [-0.7964113414742343, 0.32345323748743043, -0.5109862799822613]], "fy": 812.6279120194621, "fx": 812.627912019462}, {"id": 66, "img_name": "frame_00067", "width": 735, "height": 990, "position": [0.8918729180711601, 0.038183582169784167, -1.1074274995830782], "rotation": [[-0.6700808639243648, -0.038874665360530365, 0.7412694491178518], [0.2205701550177988, 0.943092920766374, 0.24884643761921543], [-0.708759791832043, 0.33024915320626735, -0.6233739281432472]], "fy": 812.6279120194621, "fx": 812.627912019462}, {"id": 67, "img_name": "frame_00068", "width": 735, "height": 990, "position": [0.9653524310245508, 0.018199743915216098, -1.0144940643760314], "rotation": [[-0.7754348480633085, -0.04827505398947552, 0.6295794751827177], [0.1817978510832286, 0.9377837826779455, 0.29582278189443795], [-0.6046902825005155, 0.3438474896063038, -0.718413923960894]], "fy": 812.6279120194621, "fx": 812.627912019462}, {"id": 68, "img_name": "frame_00069", "width": 735, "height": 990, "position": [1.0058472897504411, 0.21749539313244434, -0.8807236041149699], "rotation": [[-0.8606975733902799, -0.0888893648541263, 0.5012966865798266], [0.1420342177702471, 0.9036228961798143, 0.40409397728993496], [-0.4889028207552876, 0.41900398842425646, -0.7651207025967129]], "fy": 812.6279120194621, "fx": 812.627912019462}, {"id": 69, "img_name": "frame_00070", "width": 735, "height": 990, "position": [0.7707304920836808, 0.6277441342951358, -0.7068899888331283], "rotation": [[-0.8803818692536876, -0.20204525092229908, 0.42907514594663626], [0.13518687481605465, 0.7602740171744286, 0.6353801442340837], [-0.4545902255513754, 0.6173824871092487, -0.6420175943414225]], "fy": 812.6279120194621, "fx": 812.627912019462}, {"id": 70, "img_name": "frame_00071", "width": 735, "height": 990, "position": [0.5230092952841741, 0.14213037842932033, -0.6634001560632845], "rotation": [[-0.9712335952427662, -0.1290998283366453, 0.20009632129366958], [0.046300609847852815, 0.7218703537169578, 0.6904776940294822], [-0.23358415399921217, 0.6798797149113974, -0.6951273381564486]], "fy": 812.6279120194621, "fx": 812.627912019462}, {"id": 71, "img_name": "frame_00072", "width": 735, "height": 990, "position": [0.7566608467828948, -0.5283734509988145, -0.6256099362475659], "rotation": [[-0.9794416222369123, -0.053471636399757064, 0.19451193467409134], [0.028536395262255744, 0.9178076880219826, 0.395998386301231], [-0.19969923078310065, 0.3934079713331631, -0.8974131631061375]], "fy": 812.6279120194621, "fx": 812.627912019462}, {"id": 72, "img_name": "frame_00073", "width": 735, "height": 990, "position": [0.6808490410923459, -0.14200834418702707, -1.683688555510868], "rotation": [[-0.9346031067665053, 0.03949108594313195, 0.35349326295338146], [0.09406973555203733, 0.9858744413496358, 0.13857297985795572], [-0.3430275756780584, 0.16276375525458917, -0.9251162317783957]], "fy": 812.6279120194621, "fx": 812.627912019462}, {"id": 73, "img_name": "frame_00074", "width": 735, "height": 990, "position": [0.19272293114387695, 0.32982307678205913, -1.9016270683231773], "rotation": [[-0.937550613150227, -0.07459712142448882, 0.33975596721295825], [0.0986637533399902, 0.8795921430152172, 0.465384922105093], [-0.3335630548464536, 0.4698435180153898, -0.81730212101794]], "fy": 812.6279120194621, "fx": 812.627912019462}, {"id": 74, "img_name": "frame_00075", "width": 735, "height": 990, "position": [-0.004010202404643006, 0.41178249494837627, -1.9336327408564788], "rotation": [[-0.9389641280046638, -0.08805523565307867, 0.3325547200003651], [0.098127891694443, 0.8579703199008138, 0.5042398705387136], [-0.3297230401292032, 0.5060960438922395, -0.7969626786522563]], "fy": 812.6279120194621, "fx": 812.627912019462}, {"id": 75, "img_name": "frame_00076", "width": 735, "height": 990, "position": [-0.5213670191644149, 0.38724575794828703, -3.0090650324848673], "rotation": [[-0.9982714934709713, -0.02942762931445743, 0.050872782076147205], [-0.0061469830425502055, 0.913143805413684, 0.40759122320542013], [-0.05844860924530951, 0.40657398498618535, -0.9117463215224625]], "fy": 812.6279120194621, "fx": 812.627912019462}, {"id": 76, "img_name": "frame_00077", "width": 735, "height": 990, "position": [-0.725406498424288, 0.6600438854442643, -3.9500474297550934], "rotation": [[-0.9995106387119415, -0.030895594527190776, -0.0048933976394978694], [-0.03121374084564557, 0.9748599842682892, 0.22062119901508112], [-0.002045845563013229, 0.22066597678673203, -0.9753472926115546]], "fy": 812.6279120194621, "fx": 812.627912019462}, {"id": 77, "img_name": "frame_00078", "width": 735, "height": 990, "position": [-0.392347164415137, 1.1319982145743674, -4.94605111913319], "rotation": [[-0.9917791041867594, -0.04615944076781925, -0.11934619611244865], [-0.0693988367049045, 0.9776209689260956, 0.1985976902685626], [0.10750818556051846, 0.20524752652347386, -0.9727874602879505]], "fy": 812.6279120194621, "fx": 812.627912019462}, {"id": 78, "img_name": "frame_00079", "width": 735, "height": 990, "position": [-0.3130491715589898, 1.2498358360058783, -5.304359832462925], "rotation": [[-0.9882678602791064, -0.04980999194643224, -0.144380057631419], [-0.0779817290765683, 0.9773799497098288, 0.19658912440784096], [0.13132207076338775, 0.2055417198709528, -0.9697974608767057]], "fy": 812.6279120194621, "fx": 812.627912019462}, {"id": 79, "img_name": "frame_00080", "width": 735, "height": 990, "position": [-0.051809426162578574, 1.2983274113167294, -5.7131449840398005], "rotation": [[-0.965385769337789, -0.07322866230458941, -0.2503355335887533], [-0.11779473176329734, 0.9787308302448819, 0.16795940907545776], [0.23271166178105093, 0.1916338303777403, -0.9534787661641223]], "fy": 812.6279120194621, "fx": 812.627912019462}]